$ANSIBLE_VAULT;1.1;AES256
61636339313563393534663536346135646532613534636331373235326633396363313734383061
3661636439343137336139383639663434343436306361300a303238376537643735323031313239
34393965326336313935666566323934613134353564346632343832616336306432633332333734
3938393330633364370a333166636266343561633666343335643262333364356332326661393035
63396638643337633733616635383538633238666238333265363137616161303765306334663634
31616564313136626238663539663033383263313334353531333163313462303763316165643933
36666137663735353631643437396635633938313230373230626464313830383430326539323063
39363863393631356530646338306462376166636436306334383566626465363535653837303664
38383163666334316232336439326131616161663231316137396365383536343730333637306335
62303832323466303839613833343866653134393734316434336330386136353237633332383262
37663937643837336265376266623465376631646266623762616537386531633930356665643565
65346232376632633438346339356663663236393263383739396632613866303663633033333839
38336361393330343538666336383935366538383162333766343235306565663161653666393139
35343337653835623863356239373961356562396530336235363337303636663339303931663665
66383566663961323439316434306238303733363830323364616262626131613663356266653261
37383037646638396630393538343033613730383035663533616133353832343965383539383136
30616638373961343832653534653934323365636564663238373139303431643439343234646261
65383938333533393536333733303163356266353631366130656365336465343039646330633233
38333961353362326265393135373839643562376132656530333465373761396664623136646239
37326265653064316534323534363631333666646134353430376534626331356263306532366331
33613961303233626466353563653133613633383334663233336539393732353430333263326464
39636631303865353639353138306166353934663366623066663630316233613264366432613838
32643234373134306365643464663566623136663238333731343863643731643834666366613537
30323334616138623232366433653836336331396464323133616334613635343136333735343837
31363835383535343066363461373764633533626433323737393566623130323636333630633962
64346465316631363330313862346663643166626464623566376262633664353138653966303661
32363265653565636362336637396634383038363338346138353236633363346464643030643434
34363435323766356661656333303862383164353739643833396265356263323831343261646431
30333231623862626134363530386238623066306639636266386633323830356664666531396236
35623362306634346638346639323135393266613536356466396563623162323730396234316630
31303261626333376362353665316639313435333637326338656236623438633335363235646431
64643933313139383131323666336130373538376531633065336534616533323132643664383862
63313036616461626133623438336633366461616233633065653133633138366231366235643863
33623239386366353334626634346562363738656139646136363437313632393930366363313636
36643562303732366531613234313732633164616263646238396364646534613563646334643539
36303836363938353230623662303133383132383931313564333438313839356130316336653936
32336637663737643361656339313366333164363431643765343861353832396462386234353333
61666130643334633765346561336339313832333732363738383731636361373037333866343761
34616261366539353632663762326233633732343866663063643161363765323638633630643261
34643061363361396130623731386338356234613862643966363938653166623565653235323563
66363734333231336338363937306139313939616334656439376339336665336338306466633966
38333736326533303631623137623933623336393334623134353135646366316438386338623738
62396534646130326237353835313661353530663833653936353639353134663939636432363539
31373832343362393032323738336336663439393835383562343831393963396661646566346566
32656233633535306465303832303833383338646634383565343466343932666236623639616433
34663935623064323339363864323365653733323534666334623533326166393237396561653038
34343835376261643534306261353466643330323566613230396631346437366463306565363338
31383033636631653738323832313631363962303535346361303136333063343036343835353834
34366531383938383334333730306331386533336337326230346132336536323034623964613538
37636331303135306365396466383336343334373239656339366663636134626363393234373938
30383835376566303931313864346331383331376665633638643764383033633535656334303863
36316563646562303864663665383636313164326664643235373464323635666434396632363832
35386263613233626439393734393034663937336139343431636434396236386130303264343765
35303839613036393262613130316439623637393166623030326233643139636332636237316236
37383562326663336636623561393734386233396662646666323164363439303461383965613838
33663639333236386266633836323131653035353036623064343134666133636364323132333731
33363639393064646363333162636139306630376161383332326634346635376530643262313735
34363336303032656161613262636666356165383064353832633762383939376634303136376138
34313536633937633238346362303938643265616135363539346530663733643930646535393136
61303661393066316436663363616166623232663337393838356565663938663336373864303130
39663332353136366238316365333332653366643534366634373265643838306261393163353062
62396632613564393139616130636334633130396366343533336339313731336433356436326530
31313338643565626639393634343035643064633237383639356431343463346661343632326462
64373361306630353761633535643933373939616536663964616338343465306639613037353365
34313631373037656462376663323533633735313063633433613532653565653630643935353462
63343337303134663532346163303138653136383965663162383337646563633834633736323361
35656639326363653533336462393066333563386133663837383163616239346564393032396436
38613464306330313437666563313837653335623731376164316261333430373533393430663663
63363030333036646136663332616536356663363962336664653830383737376331646430646531
63653736616364643164343338623030366364663766326163316439663734363963353064333230
35653738346533363032316361363965346161336238363438626630666162356166346237316166
31666161623330356162353865666532346538326165663939326662333562613665316666636262
38373837373864333931383036633930616165333534323039626665643666353233313236663863
33623331656135633238633261666364633361663934616139613261316363393633656465356330
38646262363563643632386664393030373233653261383834353064633233663033636666653233
31663932363362306663373535383234626131646666326465316138616438383239336163363362
34623361313835663739343139373864643438333565313634393063366464336265303462383135
32363632633930643866646262343163393136353562643439646462633135373838323035633965
32663561333036643763323461653133393266646463326665373362383836633130326665623330
35346363346166326366353236376465326666336330646238363161386363613765646338303663
61316637363136306633633563306339613032353365636264313865656563396437373930323363
63386238363839656635643638343235656166353539383363313766663132613161636361613566
63666366346666623361376266346138363361323932333362356566306131333139373531623730
34343532376434383932353465356261366239313939323138636231626131643061613365346465
33303038656636656132653130653662643537653138353634336361666537363537313837353666
3832343333643939393831336430323935323735346135633339
