$ANSIBLE_VAULT;1.1;AES256
32366533646666393632316439356631333361353938383464623439333434316135616533303265
6261366566666464333139363761323231653833623466360a393434663162663264383234373930
63333861363338636230373036636230636334343134376632376636633766636565393231643432
3039643064343965370a383862303930383932383961616466353964303630336564316264396261
62373738363531663336343136393033383664363763356564393232366232306663383135356136
65626466663764346165376363303166303134623838346135653933396461646638393034633466
34383366326364386265633265373566356131366130396461343633336638313031636364383031
66613737623139313433633336356132316437626263663137396165613738326135643461383832
61326565613839333865633963333266333235306337376362366231613634353966346436636265
66363235343961386264393562393865366435613432383164623233333535633837333337373631
34643437323361303266643662373463306163373864303533356633626162346536653836383165
65633930653866323031633631386665653863386432356131666364356166613565646534356135
62653733353034306364663635323162363065393230626564646430376635313635653430653632
38626630616231393766656666313361333664623862653930333832643233336233393730663066
33376663313663353135323661353939653739363864333033623063373532616666653534306462
61666233353235646434353266343136326238333236323965663036316464653739343136306665
32643037363136306238646264343736666536336334313835343133353437613030303362636665
35393063393862353534333866393662613330373733336633333833626530323634313430643035
64636438346236313932666164326463366238373334633531663735666431303137633065316461
38636138643036313736373364633566366234306264656164383535363330336131366665613135
32633066643566653764383833353962653831396230353332396138376464663065626431383135
30656563333666306133653461653338663837663266306661333034623331623864616166383733
66356333663961373138613032623335356266343531306233303362626337323832393461636531
65323732653536373331386439376265653664313330396639623937626634343438333661326635
64633636313733646332656161383161646561346134353232613336623939356339613964306438
65653461363633323732303137633062616130353561646266623061623266363733316230636664
31366234306538386234323034656261633439323034343738616331623866343739386161633639
32306230383666646133356563656635333865323265636430386364326130623437363763303133
62353833653434633166383563386337373036616264346664366137393732656565353562336434
36663532376438306363316265396238363261616434333237636365663864646230393933356530
38666635316166653065346462323839363765343735366666623530663836616430633565666439
31613664613538336337343339653534373365653466316265306237323537363733323536356331
63646137353337616433313339323339633761626664353736353836643335633438303365386238
36306662646161633738316636613637303638643563313431663031663837646462343333366236
38653830393935636139326165306537643030623565326638383436353238313238643164663239
66333261623631633665383661376363313463646266646430353333333132303134306337616564
31643361663437626561336136316365333339663839666562663537643436366531383362663064
31313238393066323033636535396234663134633735363764663064376431623330356561633239
37393335626362626539346466333037313364343732396334393238646339346335393663303464
30386335316262396433396538663064373231323830316433383934393438353632373366323865
61613831336432313035633438383065373537656636383232333565353165643838663637333262
36613861343933366330313930616334326230333137626237623165376637626134363338303330
32323236646664306230613437343637346634303332633466326532396433643938626436306166
31663836366663373135613930663333653837336663396165383537386363666439613334653534
36323163633435386130373235373139663163396165363534313031633963386334343837623662
63623162303931313861636538393538383165613332363831303636306337646136643962366633
35666164343533346364333134363765336261393961356564396666346663633434363134346635
39373235363061343735306564373031623132656230383062323033613861303563623161383833
66643030343937326362316335303866623764303033633433356566396461323964383731343363
65323964333835633238623637323066613064313564643566613436343866383763363365653566
61363562336139326564393231373463313936643235366661626439336362306137323134663932
39613663353861323166303833663664646339656336323435373132373164623765666463336530
61373266643262666331313462373739303830613962323364626662366466396339633764643732
37646437393766303735633232353262343134633637346439623239376230393562353562303239
64633062313635333965383363643466303165626431613361623266316661636234663864653938
32616538303434653136353237363234646366383237346433363663346332356463396239343532
35393462343434356638633833646566393131363261356438316534336233363036613965373132
66356134666637376162613837383432383366613632366530353161303166623463376430313737
36336362363738303362626634633935653866303931343361393933656331343831616466646361
61363164636164643932666163303762633066303862326338333635353864343235366330383332
30306232623733336263633463326130613462613266393863643164653438623130636364373736
30633161333663616531393563343235346261303131316535633035356261313338376462623563
35636438333630373137396537303766346163333861623563613139363132613638643736363262
64333533323961613431623836313838333035623630383261616662646132356632356262303262
38356465393038613563383365313862373333643562316465333333343834643830336362343832
31663733346635316537613139383164356235356331656666373232303064663438656134663433
65383438376238376137646665356566313465643838343161333230356230646538653137336564
66326430333939663632306663623235386532323035636639636636333639623631383661363130
66663165316333376430343636393831613739363430336663663765636561356435393736363239
34366364373131616461303261626439616665336538393938326231376532383534656136373037
36323633333430353638353261653034643261303464306135313839386331353733323039333865
64366439363964363037323562666235313165363530663731343536333639333066323337366461
32373834306539343461613739383834383365396466306438653938333134396134613563353833
37323236313830336639393434643839326363313139346434653737626662343636356364313161
37613335646337306565396562663733663634633862306338313862363066346462643262616562
61643038666663666235633439613833303235383561636563326562353239396235396135386639
34343036363037636266386634383435356635386138326438626365613033386134663461383366
32316333326536306337646166623439656134653434656232613532326432333130653062623838
37326131343130653137333738326363316261303363623232303566663465383036383830643263
36666438323932373130303932366166343238396232303132636139616165346331383332653861
65343638636430633939396232363164306631306334653366663538623437663061306130396333
39326466333761316236663431393435643034326563366134623937383231633533313938636636
38333632666137313137623436373639653132616437383438626632656236316433626334663962
61373630623964373238623430376664333537623863306239663331633062396339373736323833
63616231333566636131393561383239343466616638643930346135313739663334333138396232
31643364633936326636366461613266643034643031633234633735353939326334313337333636
65376337653533336538346639376431336366663933373131613836326561343263353162356364
65656666383762653339396561303964333662366266616466303830363063366166343932636630
66376262383633623165396633353134393035303232336566626466386630336639663136343830
30306431353035613330633732666230623034353733623738646331366165353831626235343065
62653137303063333963346232666334343164333566356261373831653738646338623035633230
30343630633463653334653232323130623437363136373465353039346265336365343965303934
62373330343062623763396334356336656664373161666530303336313064373463663230323762
61613738333262643438616539393362313438353366663331626234303162336164623865333964
39633966373564646266666166383336616530653361396338616564343763393330636632616537
62613233616130323564356364643337373330653662333833326163366333633561313566306537
61383531363037333533666130306363373633373961653066333066646237343633373463336662
64376266306136616462636631313365386133363632323336366137666239653634366564626337
37303139356464336561353836653831343663343762353534366664633037646235663737393231
34363638303263373536656231376133653165376135626366383839663163613363386436623737
30663261313237663134653934306231636436363138656336373931316232636665616135636433
62343532333039333231336530653130616564393530373632353339366630386331326638663565
35616635326239383962393663633163613663383930323837373230333437373261616131303134
35363038343963643131303262653331313239616434353063343766336336646261663430323539
32353034336261623838333933646437623932623931356630333232323162363262613262323961
38393232356430333135366461306331396337363861313962326236306530386230336633346237
39316633383161303232393033633332363566636562363232666566396234393561316336613364
37616139666264656539626430613532323361323933333563663064626637306631366561393232
30313131623438343763386436316433646431306233613731306433613166303063653035353463
63643430306262303838373566653131613239646362333166663238613563646635323139336234
32393461326230633165363631663165383730353239613132343936376165643434656439393330
30343330303436313235383164656664336363396362363131636537633361653839333634613862
62363861373433613330356334646334383936366165386632613333633132306565306165663632
61346136306465323331643739376363623462386662663363616230613264363232636234343133
34393930336139336261626338353663623638333261303730313936373466643465366135373962
63303637646263613330656338346132336133643461323366356135306365393861353831343139
30306435316366663063353636653432393531373361633262333366393339386661343964376638
35616630623333373930363935323139323166366662613966373263633634336163333838663434
33393330393464613364616364333265343463666433306635306562666135343932383133363432
66663362336466646538343166353838333132613063363335623963386131386531616531336439
32313335306230373933653339633534303965376264323739376536393436346132373163306639
30393138376463333264333163656531646163666666326465343730326262343039376365666630
62306234396532396166666131383366356663386563616336393438633861346433373265646466
62303364356237313162316136393333316134333837326661386330336636633632666337313263
37653237636364613234376631653039343463626465316230396632323961356235393636613034
33323837373239636138653366316434373761373264373737633861663230313336336139326439
35396163356439663332363432366339316162633263663266646538356434353632333336663363
32663930356664616664666639333438303334306635653734643432303436633635663034373061
63636539623531323638336631316365643635653433663263643438323134383232653837343461
66363433353639303934303739643963346361326435623035373465663030633830636536336666
63623532323733353866626661393664313037303964643264613239313463663936336436353562
62396433396435633161633063643335336232616338363932666430663938366431346332383964
30373033643437323161316632636535326364376564313633633034663861313134623134356262
30613830643331336232303264323131333934666438393762303762653739623863316461373132
32653831363434343964623839323863653935643565383736336563323137346639363364333430
37626466316464353532363563323236336134363835383831353330353064386630313632613362
38323530343335376164343234386636326333396666643063393130363935616263333461363133
61316530303765373834646466373639363835356161356161616434666362366165623763386333
63393039306661323632373562393339393834333038366536363064363030376334343165303131
36356462636138633231306164386436323666316165386636396461636231336133643435386238
32396637656236663139333935663962643162353734636538383635653032326238646334666437
63653864363661666435393866663361323262353961323462353761373839316330393431343364
30636131346636363461663561383031346138326263633139306433643234333765383037633863
35626632303234373562323539643231353535656636336366386463333634323061643538613661
39383666353237343334393339636535643130316630306263663437363138613235306631346634
64373734663461396133646463393339306331326165313864616264653036626334353237363930
33373265663532326138376437633435623630343131323534343336366266386362303462363162
35393263386263386237393039376661333536333937646462616230386662303735393331313431
34663133323266623331326134663436653765343937313363376233383035376134363034306330
38333635623663663231633636303430326233333663343935656466303738383162386330396338
30633933633361366630323765653538663834653737333466613434333862343161343661306533
63326333636561366132363539613736303266373238343962393337643363663835663962613035
34623365663336663037343134303730353561306334323664663332386433663136636430396637
63376266326332623338633637613631333961613761656335616463346133326235363930306262
62313562623064373734653262353036323735386361383632323637383833653439356261383336
65356133343765386230373432386136636537343564333335393261653938376562366535373436
62373736396632616338336364643463333430633063663633653064643661646337366330333231
35623132643638326364373162666433613437323837356661353432653563346435393965356661
30383339656532656130376231373666616239313730393338353033626266363865633061326332
38666666626438383539653931646237656162653763646261316166386566633335616566386631
66656232623837663861303262323338616130646531666661653263383335333565346134333230
66373439646139333465393361303037333336363762383137383133363737383233313539363262
37626461383334346637356464393063306632663461353138383537306231636138313765323136
35346261323862353363383437666664333335376330363539626461373766393465343537363837
61343563373336623163613234616166373762313330316139353361313263643134303730306632
37636434303862393138373463333265643034333061373135333831386163646339326639366436
61376337653564616134326564363261383637306137373164343739343661626138626331356534
61323434333537313439653434326461623065633063383336633839396364643639316434646164
39336635353566663533626462623934386632326535643566643038313833306139623062373361
34653138313265653131356564663961613366643234623530366438313963363466646230636533
66653966663465356462633062306663616231616230306365313833376662323663336432346532
66356338313334363235363765646238343465393961633836373539636663363136383637376535
33353837343236643437313564373164393639643937663535623764336266393363333166656332
65663034623564646662333033633738306665613036613435353331386637633666643162343761
64353461633637353035646561323835643965343137343765373335346461363834616262393839
36353562643437386438656633336137336631316164396236323236393130613130663663386164
64363033333561373461333532623937646634386235366131363737386435376564313034383135
36666266633136396637373534636631393764366635366436623262636539343330303561376235
39396530356237306665316630313962323164376133393438643761363461356165393739613330
32383830383333366438633262346166663437643438626333396437653731356464326335306631
33313030396634383331633134373435336463646339343834633066346166383634626266623866
38383362326663353863356163343230306438383661343666373666396663633062343361323362
64393632663032313834643039363538356563373434643131616635633366366339383132643032
39663964343139316433303537626336363166613266633637333762383730316462663031396434
38633266313937623961626439306264626466393630303134626166656164623564383938326431
34346133643035366139353636643066323032666333306433346664616531313633303264666664
61666562333835346362386134653762636364346464326333653062663866383166666361373730
38656232316566396162323466353365316661633130623635636566353536623664393161323033
66316438326266653434366237393762333135656130333765333133383336643330663937366136
64346330383566646232626436326631353937393462653434633561353035303764623938343762
36353934323839666435373264363864653638306239336465356638373234666333363832316136
64356434326663306239313562363065313365663566626463373339346530663932356563316135
30353131353130646636633563363039366362323334313339663434363065343031306531306164
63653439666338376439343531323432636161663338636233373464663466386361346662636366
66303064313538623765616462623339663061636530623133613765396131633834653864356233
30646238376639303566333264336137656663396635323033626266623836333236656332323136
64333935346431316466353264666434366132306539356433656234386335663532366263363062
66623263376635393134626332643361666635356637663532656438623861366661383834313139
38636630663135316438633366356261356539386664333032303230333131316437383461656133
62313431383133323866666433356637363164333734323966346265366533643662353431363138
35383562616431333739343936316466383131393061383563666139326331636632303538653438
37643164313563663662343432616139636631653666333938373636326365356262346630383332
66633862636462363239646130303063343134396664373662363863313566346363306636313034
32643933633464623534396161323964643936313431363365373064626266646130626638396538
63336434386231383635393635326662363931663539346365653563633031323661643761353434
38306134386533646238333736653331363634313539356139346563323764326230313638316366
32323036633961353263656334666566613636333662346435616331633633326265313661383538
63313637353630613938343534303532313661306566633236346266323937373033623034316435
61343863383464343561373136316663666462356630303866376163626432393433393232363865
31616663396330356335636334393137363631363432643566396537393765653034343336303833
64633238323230333366636434383339636137393835373039643334376430623734623235376532
35303361373738383366346330343964303466366564393765303265306661646664643439623837
64623936326234366466616130333939646230666462386432363235373738646232626631663338
61393935393832396237613463666533373939343433613934616636313465323461383030613031
34643532663430343631636330333234373738396132393237616534303639623739333161303732
33616166376635393736656434383030656236383362626637613363663437353365353937323461
61393262366233636561326234616334373562303961303765626433653334613364313062663735
65363966393863303763626461366661613336383463646433636463326164363564633539326462
34633134663966633339616638383037666363393466386266336137343434623466376663336261
34333237343066633834306239333934363038653465393632376265353337356232663438393335
38336362623465393335646665306263663163666337343139313262393237376130326662636166
31383064393064316461623237636331316465336333616238643364633662373464346535643135
33643630396264333739353339623534386462373931313536363963373831363337363065626661
33316363616361626233343931643335653364633062373535383632336436646133313731353566
38646539653061393535666636303636393363383230326533666539353362643130383635636138
39623666613638613438623764366562323861356336343666656337326461383764323064363932
32353535633566393561656535623761343266373932616232333034323365356434643833613666
33346436656464393038616662316235353233303437353335666137323032383763623034343333
3736
