$ANSIBLE_VAULT;1.1;AES256
65623435346461613634396338303836323338626262386563663962393531633230663233376535
3735356136656637366437656566313237356439316663300a306134333864323731316132343939
35393939323735346436303430303664393766636336613930336164336565393463336133613664
3363623165323962350a623439613561323238663539323235353834303062613961613836326330
32303238666637396632383164316331643333383336313061386635643663313336343663396635
33326138323235626239383533626633313865376438346664643762656666343533313237643835
36323631323865633865393163333139623431623534396339623236333733303364353039366462
65383862663536663734303335316432343762393335613866666363373134306362346532666631
31633332333436386534396234373330343461653265623431373932646237336539393435356239
39633662373566363466376262373332613065633830373162386138313064636232376535383437
61663061613266313038336534643966356335396263356564623139396466636332303064363331
34303833616639383263326536616235336637653165353030366165336537356366343961303832
33356235323433333637626464613731363739373661613265633235383061343438613465636339
62363031613563333237373666353237316561313430376133303162333661343364393264626633
37623339393134646234303735366232376331343531306139336665353333306262663137323134
38326336383939646238666430633132663037353136373739346663376334356133643161613631
36383634333861316566376533633436646533313034386661343261396262633337343434623665
64373562353637303737313435656463373531303961353664373531353037646438323962353234
62663039616534383030353061323361626332343933613839653138623931393432653435373636
32653164383366333363386335663934646634316233666562383532643166633235333534393961
31386465393266656135356636386631333132336466613961393461613730373264616264373339
34616561336137363530363137633739626235326334363539303034383738396231363065663933
33613732613064306533633537393661616133336331653833663235646564346338653665636366
35313832623436643839313439643934393838383639623930333938363634633132306538376564
62326562643533343462353465303337333739653433656563633363386231653435633434386263
35626334666661623266633135323133626431326366373434396662383863633131306661383331
66666635326362313135386539393931656462633236313364373366373533663330383633323763
30336435663333653363656133623035653564343661613065316164323564323730333963663464
31666332323836653331363235303433316562376536363132386636396236303635373037336438
65383161313235346236343133376230323130643839613561336264356539613333616238666634
35366361383536623534366532663065303630353466653863666239303266356436353737376630
38363638616233343563333963666435363233643462393131343263336462333437663238376539
66373531666634313334623964356365613239366461666237653539626336616564333938336334
61353233366663356335383436303637613964353038303338363561333832663035636137363138
35383866313561306631373464316432643036616662646666323765656463663232656362373464
38356238646536383633363663373638623835383135346133356532303638373334313630623330
38633463663636343735383762633836396264663037353332376533623539633233303364653639
63373830633964313539386137666531613233326130353939306362393538353966386436313939
62366633633131626464356139313332366666313539353436313066386231373431396636346464
63656633613763643536323432396661333433613466363762383939363931383135656162373033
63653235386535646233386130646365373762316238653332643965633036393834636532353262
31383234383066653934346362303430623535376361353961313265316536396535323132636262
36386462636663663266316362396661633839303063393131623834333039326264383739656437
32646535366334623431313831366330366164336238326366373232336139303966346638306131
35333465666335326336636139643231383735316637326364336332363435663666393135353033
61303932336530336563663061303832323765353261323334383031643835656161613263313531
66363531343431343263643963363338613334653234306164306462393862626262623062613133
65323331623439363135363163616562303539363661616634323637376261616431363636613433
65346434313436383561356664343238663437653438333364656436636663656337656364393833
34353636306236396265626231333831373265386530373238316333643938346665616438376161
34396237316238613861343334316132656239636564623064353738346463316661623539386231
34386331326536623137656664343230616531343662643531346163306338636336633037343335
61313764383964663563616366306661363438646637396538343464383738633634313432303532
63316464613939343334383762373937393164313338646362666635313631383931636562306136
65653133626535656236363931353165356631663833383561373965666134373439646233343530
64373866323961613533626562643431363962616562383631383562373035306435396235346561
61383732646265613466366165396430636233316333333931666365653239626137613632333437
33366534323130323337343934643066306663613238646664313462306561623162613139646439
36383236656163396436666335363333346666306464386439643139626461656635613561306663
35346232356365303537393664333666623332363164333364313731373336316165666133646438
33353533386261323833303935336235626462393235396461386335363339643131616530663261
64326636616366363431393964313633616662346533616562303837303762626562623965333961
36316532336231643232303565316532353133393965386137316666636533656166326635646462
31303035616666653166643931636264386534393263333038626330343337323566663661386131
30643263303836326333663265393335393436616361313539356438616361393934633164303962
64643865386266633132333562666338393063313437646262396565346430663763346633643632
33393539353637656432626563623838623637646362393737663038323737363931636564323437
63653736396330303066363839666638366135343132303065383165333239356439623336653132
66383338333561366135633530616536346665346133393039386437366166653638616133336334
63393465353033333763626266663264616330323766366136313866346666653266666233393066
37303235656134363665313239306439323762386637316462333638336339666137353438383566
63653533396232356337376538353432336539306638623835346633613638633730666532393065
65363835623361353164306438336464363331663861646536643162363862616135386163646232
65326539623438636565353366653761386232646530396433326335323232313035373838333236
63613432636464626535623134333130346130356166636639323736613036383166346630386634
37646565303464393662623034393330653830653962373361336538653033383134326533376231
35303862613032333432363265393664353466643235343337313932373234303432343332636262
63323363653162343839613165663632313266653933663435613630313061303365393264653135
65666164353061323434336638363631613433313061363264336663616239386636373530613261
65333036393131326431656236343466313631333335323639333737393834663336646561613733
63383339393363623962653664376466633039373533343665346334383663666364633663306633
61383133313962396236663264626363656133343138653035656431333632656363636632643031
64303931633539653131616264316333643664373061623265303533343932303030323164646365
37363136626561376534376564623166653965633237663237303463323138333531396330313731
31636133363032306635613438343065333561363733333937373537396262613130613839613432
36636465373566383639383561653735346334666431363064313635643765396264323963386465
62646331326133356638663061643530643639653133356338383338306230643766396162373636
34353362376330326430663330313739656462343530383837363434353930643339666133353332
34616537333430633032366162316535356363633037386434343538383531626537613232396537
38303838653139326165653162323030306364303866623861626262376139383033643463653632
65376438383030643238343134643136616335613533646137383031353163393363663238303639
64356465643632376234633866303431363864343562373065323666663466323163366237616432
35383930316533313535353966626239316661376433373036396234343034666561346664376638
63323733343531366139313239313336653038303065653035356164346436353332313765326363
63643735656437366138656664393336333235316562343966313336336131356636326365303162
63633936353239366162306262313665646637626533643339313862323231353361323933333365
66626438383333323930363965333163656637623839626265386239363462366333393964323564
34353839656234623863323362396132653161333966653239303638313434633631353136663263
38623133616432323764656432363539623234343137323966376534636564396466323733323437
66626434656161366165326366633863363633616138396230326435663965633363306164616136
66666137333235613634393435376539646331643731353162363832653332323133353939303965
30393031373735386664376535623539323633656264653534653330666366323138353835373738
31653835643065633034306461626231333238343731343737393037623162653038326235313737
32323336666138633330666231393263396366323131353438633162653361373735396663666130
39633033653633383537623532623731656338653930343235626565623831303431323835656234
66393534633462353462376535353732396132623865396636366436316137623631646361636438
35323235653761333838306533336362633039393938353234643266636364343634306166656638
30323838353439663731383135396338646164326161633066313535383166376663653263353130
31353162663163656134343765613638323930613362363165616164653530343464393831383963
65316364383436316532313366616438373636396263623539646135353137353261376130303061
31336139373239306539663431623431653038616136656465653162633036303236306234393062
31343536353561623035396330393564663062633331333432346533353365366261633166653863
61646437313534343436663632313937656562313436366334333736363837623839333238643936
39396638333236333966656366313730373339326139353463376435643666623238616137336165
38343333316566303162346266643365343864633130323539323665376161613863646664323861
34396131343531363837623361363262303061373537636637383231303336633034653366363462
30336265323531336336333166323437626332383962326331373333623230646536613533643162
63643536653165623063646562373264353531303032353435656636343039326437333034626438
33333765336331373439653734356331363536366437333562356136626266393132373961386336
34306433313638363736373431383464323334353735626466643262666131613361653161313137
36393133303634383066326261353134303763636664363933656130633563626335343637633536
33643136313738396136323532663032616333313130356433353932616636623930633333343138
37336333663263666263613061373261633165396538626638346534386264633133656662386336
35633033366139316630373437383661313966663165363063616635663861356539336265623963
62373165323538376165646531333036613734386533363464316261636432666530656330356630
64666532656638616533303363393064336161383166326532343162623539326235613566373531
38663634396238376630663066653663363965333564636336303565636430336530313966626362
33663133333666376366623536613734666461303139653037323632613634383963626234623335
36333735613030303133356666353763623164663433323336326134356532633739373562653862
38366630393462646639643763366633383633396662613465653736656239353836363334323030
38366239353535366534636534373135633865336333396634633665313837653731343533353530
36656632333864383661623763623161326563363935643734363264393234316362303931383334
31633364636632396538343464633165613330303463323966343633353237626432383735303135
66356536656230383166343364353637626538323264363531623235333163656330343638646461
39316162636438346362366231663239653131346436663665646637326361613232313739313139
65626137313431623830633865313731366333333738396636353730376637383830353436393736
64653333343737653638303735343337383835643037393866333732393231393261653636663234
35306233333865323939383439393832303033393237316230623565663334666564326231356630
39633737353561663433623632316561366666313163323938623332356138316333336430333230
63303761396337313636373037626161636137613539613539313464623932363131346238303364
63316262353063333232616439346132343237323064326232363334323033303239313462363462
38623133653438326264376332333164363832346163333638386236306132343765633136323366
39616466356633366534353635346364633865333565383836663064353166366362626336383337
38663934333566626132333033326139393336353238653934316536623037646532376639383236
34313663386663353866383933353139386639323233653331613039356530313162633165393634
64646631313636633635313065383530653231623233346365316262623963383837373363643863
39663039613465346539333939626135393136393437386531373161666532333762663261626566
62656536663237313134356232346530356264396230646538393939623666333231343234366338
39386333323135353961303930313030376161373334626466363830333261613266633563386434
37303836646266383436353963323364353330616337353036623134346539613534313730306165
66323639326334653235646437343364353331356631663464666664613736333161303663363730
37396435346261346132643436656463333764303832623235626339633336336662633864303462
65613537623239363634633864393333393433383137633434633561386561333630373162333930
31396161626230313038666634396436346437366364626165316334666537313037336332336438
33353434306430333834623535383165363661643064343330386337623138303734343435326664
31353837636633643339363031373037643265633838636331393134386638333633303862666330
33613332323463663438626133326434373366393634633933326638636366386566663336626465
62353866313664663534336133336461316331656165653035353965316434623966343633653931
62353735323931356439323639646566336639633636663566626236336531383135303065636438
38393265343537656630356135613534343936333930333933393334353637646164373230616332
35666333383763626538396363353438346465633432653265313734343733343366383632636134
30323934306435393036346566653066303962306230613764373366653763396461313239353364
37333734346662376532333732333466656138613663316665346632356239663235306633373734
36623463393931656134313461626631326439373236303533316565636136353435363566613331
62323937353236616361346532633431613862353164336333323633643062313231343239343265
38343634333662623466303230653939386530343766373866353937623037616333323131613530
66323563393566363135666465353533303865373632363032303138646331326662383465333838
33386564666537623461313561373764613765643562613130653638356239396536383165363138
38613865643165333931626130623232376439333637393663666461356566396631316239323866
65316332363536353434616365613666353534386364643431666561383335326563666161623038
36626333656431346439396535343737303931643964353364333130623938376136383239316438
65353666356231323363363237646366653666373232393265396139613562626432386562303639
31383138383038663037323939613933613335623035623765663765366166656661393836323539
38366464313536656662333766643930626230333039386262306563363738663638613665326636
64666363336662396532633832393864306161326165636332386334313164343335316565306364
61393033616432333138613764333334653230633934393534333562663536353937373762373832
37333331333266303030656664353265623339376664633464373838646163376563313232616133
66653434323735363761643336656366643230333664653539656330616365626334643164363464
34326438633739313264663764336134623432316162653431313563343237643039633833653465
66333034616139313365336535613463633461346564333034333963383830666634323937653531
66303535366434396562303035313734386137303339333661636634323461373537626665653766
31373636663866343236356261343439333234353161326534373335396665633436346365646233
35323135356635386366323938393165326261326434633333353131343137396239323063613934
34306666326564306636666433343834326336306134363663343333383735363231613735636534
35383337316164313834663332633564356334613531383463383138623939663134356130343531
64373466623237316433653437653837343237303163646165656636313462313231616561643363
34373133316635623166633764626134333238333436343235646638393638636263653764373038
30396266333430643265376164316664353035623264363034303763636362383764633630633736
65366337643362616639666666393339376465663430656230643163343133343064613561316664
36636465643564346164613461393037663361386234313534643566303230626562393539366231
32343130303966616338383033323032633439306138323338323232386139383935613763656538
65656231656135333338346164623735383064363536623530383761383465356463653237646530
36653666653330663531386365306536656262643139643237313431333835356163613466373763
36646533643330666635303435373534373232636239303638663036656134326437343038316663
32626664653463616336633135363839363939303833313861386562303230343831366633653135
62633834346562366133333964343035613738373566616435386561383031323365356239616633
37633336306130373633363532316433656130303134316537326664343138386162333432393430
61613265343837613865336635313136643633656630643039643230376130636265663432346565
37396461306362326534333931613565613332613632656636383165323762636433333064356165
38383861626436343663383262666362666337383934663839313733343430353836393838373230
31376365306531626534303434343136663361653766343563316661653236396262363236653331
33343433663463346531356264613336303331643064656435616262353662313231643430653063
35636333333635613962303335666636623130643430316630363264643739336263383039313739
35356131343232313061323362326438306135653439393465616433356130393761383565373366
63376131313064316465326566653166613537633461656333386464336564333538623235353465
64383936623138393033616633376533613636363235356234626163373166383065383966366539
61643337376634393136386330376530363634353361656437653938393861643762373130666362
39333634613538353835343238666330333430333137383930363636396336313765366339356536
32356665643138623163386230613138633535616331353735623365313530383662633336393830
33323437353835383865393138363937626362383436343831326439363564366565613536613630
62353632356465616133643235356431343132613266653564643334366661333037653965646331
63373163666561663466643462666438633939373432623565663031396462363337663133636666
64653066333133613035653165366539366630366330646664313261613665346530643436636263
39623934386263343137633036326262323762353938663230323935356532336464353562393966
37356164313734346366313737616439376338363938663935353262356636376430623665613465
34393138323030646566633765373233383832626439343164633137323530363130643965626631
30333963363930393531663735623737366435366538346666633265636331393132663261343338
38356162373739666431376466306562623464343665336162646534653539663134653038653264
30326636376562386636633161386437326237636237626432633638316262333839363639656433
34356139663234636131346662613363383965366531346434323639356530373262303031643230
33306562383238663563323966613863393936343232626137626231643633383432326239343230
61316232616664656230653866306131383036396364376161393564633139333736383133313832
61656162376335313965626561643962316462663562633537373463656639343230333962333664
64333266323366353735356463383261313335323337313336343064306533376538623966653533
34363930393632353237303964636339636536636436303963653231616138313265383762653664
34343863666138343130646335656561383432396464663730323530396235323766333331323264
31646166313537666230613761623163656361376661623736663963333931393837646638333262
63396164313735376466303238643463646262303634303032663365393730383364653835326166
64356138363830616337353563623263333131623465613731616135303133353461323666313862
37396639623233326461393439306365386264646665393962393963383964313431323531376132
39663339636238303934326562333035313931383264336663633037353064323663663835663166
34666166343736336432643162613734613063653237323639643465353464646230666638313762
30313063633761373464656332326662633539316161396636373130313035623365626164623764
38393030636162393633303235396238323836633662383532646661393461623261643031343262
34653936643133646537646632633131626365363435663961393335633163656634323765383034
37633665303762336161616533633165363039633566303639306466643262323336393138333861
61633932643334636662386132653733663865656262666630643162386331616635313435633164
38393037323830633863656336383432333863323339363237383330376262346630383337316133
65343565343430663431646262343235653362316237353162393135653435363763366539383138
36373938306364303865313835326364663133623231633864616362326364643063383763653631
65393132326537353737353562636334636636383063653037383566353136626164653239393031
39363934626534363233386465346237383434363235363133643163653034376536363630303765
32353336343334383262393563323638333633313534396132633266633830373764326364636565
33616462343536373433616665336232656234303936656166366262396565383037663663323764
30303963333033356435666461616535363639356139636237303835316331376564366562313134
39363734313635363264643731366639653738666161383637653936323135313065613330376633
30356266623665346562386264666666373139336634366161363732356563313133663730326265
65373264336265383263376166396438613462643035356664353664336264336636353439613830
62366662633835656263343461313761623531306532643236383164633338663762383634306631
39656662333731363034383364623731323563613335623766663730373735396630666266646238
65636634393038366566656537396531336665633562306333326533346538643964643931343063
31366439666361663335653433393232626564303135343932626237383831643666353262393462
38613466623835383138343438646133343337353938643534326463333564316265396534623463
35396662333465376562366431396237313365306233663465613164366238313862663830353666
34343738386165336536616632316666643164346536623138363038363134326164366536646661
35646331633230363161653765386161633662653733323237643038336631626530343366336139
38393561366432353039373130336162636166666336666538356336653734383937303664633239
36626362636563356231346164633738623366643033366163396564393136656531323165336538
33373361643333363531396164336437356538386263303038663134353232613332386663643766
34303663313133303962336363643639363865643266373336343864323061373734366265636236
30663134316537363538626132393366306665333231363264326235303635326466383465626431
61643265663632313861323139613865656636333437666631336434656266343666393232616264
30643065663031326362646539393235373163343561653761653236373538613935636630623336
37613463333066353231613830656465626261363938323061333739643662613234623836353431
31326663666665396437623538393331333637346335386261313366383036393235616132636461
39626338633731303366313338306364363531633432383061376130343263633661646163356333
37656231303461316435383137636239333364313065356330653666613532373832393133326233
34363237376133393938323533623365656165363538333230623934323764636566663533666337
37303435353337316539306638373565363732393165633931666631336364383332313163383636
64363164373637633763636566646232353533373237326436646137383361326236333064616337
62363564623637653761373235393138316439623164633832316262336337313834343233303465
66623739343864363833633165633363306339626233346363373937656236356264353063393636
66386134656133376161316166363136636236616638636239346534646564656534313737373366
61323733393439313739336565346361323533366435306436643438623035366439306535346437
31363163643137306533643463373737653638333662363631643635343266666164346433396334
31373037316666386534653830363330656337323464363465323735353263383133666166303962
31386432626365343161653461336637626531333934333566623966373564373561663634353266
30633333383531373137343133356639633262323364363636333836636165643634353035333037
34383835383736623430616237386536306633316365313833393033656430386166623136393334
65643630326438373736396661343038666635653331323535363538383463393939303364303833
33353639396661376338373764656230383264313530373864666666623239613833623564653031
62356238656334656130376365363562663531383462303165626235336533353665636636633739
35386534653339633931393531333636643766353761356635636536316132353031613764656139
34656532623166653731646230363436386265626262313662653363326231336166633638393239
30663531333661306464393438383533373830643862396133363261663262353130396530663431
32636535363464306538303763623932353337393064323264333766633833643036343235656461
62366134653861616566626366643932656263376561386632343962323333353662663165643764
30663730356261396330343361386134376364373366376163643736643766373939356637643330
64393262396637363330303662656266616330643965626136326665643435623231623161363233
39343263346538643834356635326131636238316533643631376236666139636538386530303433
65656539393765306363363064633365613539386339363564346337363333373232353638363330
39613936396262616664313637626339623737363639363562316632636537626266393364323738
37613264333561333564363766623766306435373636366438646137646333303761626632623565
33656537363432396561636664313465323234316230633233336434313430613733356335353264
38313364316233376433343266373037613738646632393434323330336265386566386233613037
35663536313863663461633064633563353265353666616630313861633733376234643432656536
64373536303836363666373866366166666661613735333464616134306361346164613533646463
61383364623366643033376438666236333731656463333932633834326435323663646632323464
35616230623838663830623238343538653737353333343737613238656663393930616138643863
61386164633764326236616531353562363330383037306331373033363461323232333339356536
65353561356662666332393735386464393534663931636332623039323633316636386665356637
36366665633532633736616662363866316234656430386563613132383131366164643332636264
30393937656539626365623339303933303638393431333065663663386634636632643438393561
66353436363132396563386237353435386639383333626565323834643536613065346132653062
32663731623534613363626239336562303135393265656431633963363062633634613765666362
34623434613634353463343430653865336133333666653462313465393964356263663435633731
64633664366139336266393837306665383030343961303733626632333439353863626563656465
61393565653731393434373936303365333165323764646361323864623433613530643563663662
35353861366161646663356532663831613361323231613563336230623632613039326530306338
38343562323866643065616466393463613631316232343265656334353930376265336235346338
37623762333262326364613137366434373661326633636262376531666433623635643264373939
39313834643736313163663230623039373733316566356237653165666630396434303064366666
33666137616236373561316532656164336538623962353762666130646636303264623138666331
32626539366635623136336239353533366431306338343630323130376465613766656534343364
34663764376136376165656533396464626630313131333739393239623561623966323962383635
64303331633138633830643831393732343265393430356338343734373563623231643934373166
30646134653137623333353533663638633130646265643164316531316236623837653761313135
37613565366433356533646562393661373233306165383436646632376261646137363732363466
65346633363364303961656330346263663037376164366332396661363431373935633365316137
64323766386234353864666466633362613037373234373864333432636139386139346630633361
61386537373661663532653661363934333237616265353832643933353066643536326632336530
62383463393965343263316430623162326362313737366333356664626434393765386331636130
61333864363338306230323463343437363265646531613532306231313134663130323332376332
31613638653234396433643763356535373665313961396539323238633235353266393134653764
32356465376536366164373762346639303938363961376361623033666331336336623939363466
62316266333633373962313336373563653561343061396537313161346139303831616566623433
61663332303433373838653633623130323863356262623138363538303862343437313364383432
37643534313966366430666362653862633731303038346464643735623738303830306163363662
65393233373637333539366331363732306330393631656265633132636231336431626466616439
36386637383337323037383632323963393436386139366634623137623464643335623163616563
65633436633663373763373839303034396165336134343438623632313163383234393834643966
35623630323762643862626636376463616135353130613138623235313361353633313932646234
66663934393938663462623638616135306132326331366139663265306563626565353839613937
32353935343132326530653336353862343235383037323764373339393065646132633530613036
31643065323233313765313764383135633566323961326463363133626265666534396536636236
33323362333732383063376663623931663730333832633839313163313864613236303632633262
30363238343538613034616433373761373331343765636332353038663563306639383364643738
65376665313837326566363730306664626363636233303539653461306662646236636435643634
35646238653362643563303836353338623963333337323966623938663433383434333139353661
34306134653662336366373465343464376631316361373836393562336165333132393632323837
62313431363635386436306138333238653633336363356437356666333930366562616261636231
37616335303763316238373333356639323834353464333434663633356265633731383362646362
38643735346438346538653065616539643438616431646138373065336137633036653237306538
38633163326164373966336463316362393832666137393538333966666631646465633262333939
32626264353234653262373638656262656236653134396634363166386138666436353662613961
30333264353539653939613736376531343632666236393831636538326630653964373937366264
64346562393964373736343532383332646561616634376534633063343333323933343239333831
34656465393563396630343962636139353832636139616362353465656137306334333465623661
33303661616239353762333933343838663234313833646133353532313165323463376531636637
32613765383066313634613134363062363132323435376661353331363265313661383635313936
64303238626339316165656139353261666635626430373064393232613566313163633434363162
39346435313861303965633632353161333364373030626564653034333739396365393566653863
30626261626665646538633566646165393239393132623337633561343331663265323839613538
38646239386464356134303639616662396339393938323863383738623038666639356662623835
61326334613132643664303565323663383032383430393564343033393437346335356662336265
32376463663235376534356466373863343739366365363933356630613839346432353865316139
66663462396230333165393831393038636164643537366163366162343633353232323834663939
33336537326566663838663137643636633337313432646563656431323635376464353163366263
36366164626665636162313338616637636363303965313830373835386133316237623761313662
35383835613232303466316261663865653731613231333361663130353338623139346432363633
38643764303934313239623334626338343732633434343532383062313535326632356233613762
65613263613034363563336263313963633633613361363033356266396431666135393232643931
62653564613936313635306564636663663263393739353338633339613236653638643933616263
63323536336661613961383333376161343166313130393035396237323030373636396534366539
30376562363934323463623939336162396239393333323066303063393834303036353934326530
36643138366162393739323730343130313761666536313538313531323033653138363866333864
61303965643333316631373165666230333331633739376662343863333836353834386166333336
31663466623734633663656132356263623538373164396430333538656666343836363861656165
30643566333235663430343434383532343061376163633638363837346136303238306532623336
37613364383766626437323236633135326265313433336330353832396265323539386665363132
34313931393830653138613961646537623636646661316636393563363561326432303137303962
64643438333333346466646636333739383038643336303965353039363562373564316436393130
63323062633566376163633864383137626664386637613930316431336233393365386162633534
36383166653636366130303130636130363135356465333962393664633433366366373466666361
61336538613439313039616236636261346464366362633665616433616166323831663134333662
63336335303232316636396466623931646164323634663061323433653065613931373533373837
39653864613135356166343364326638376137643738326236663061633262623261633037613831
38366538363833636331356132653061343962326664393561616364333761663339633833366431
35313163643662313462653839343838303734613938376538643835623735363938376565366537
35323435663835313566336561303633343136633236363864636231613137653136633531313039
62336537663933623335356666373239666363373839393136303634303539386432323935396232
37323363343735313732353335353333366366643039666236313736613239653562306231393133
64663963313635393232326363633435643665326636366537613361636334386231366432373034
32653939396333313535653064353836343032653738323562313364353632626263323862363739
31393363313864633564363465373261363138383661383533313937343663626432323066306334
64323063656361633433366665623163656466306364626534336436643432383132363936353264
39323531313365313433306238613663303439633533393632613634323161643239373365353439
37623334613661643166366561333339373036373335316337623834303938623039653635643066
63303935363766643736356339333735633830363034386239393338623361363566643031376665
38376139323262373738623566613232626663336634353064386135656138643233323231666566
63386230396232363336663264396463313265363538396662383739613232313334373939346166
32623261306234373138343237393430646164383766356563333563303630306466323864373238
36306230336433626162326462383835353465613664323065333834326334376230306237353065
66663238656236643336613331616230353937303865616661373966623335316433373037396366
39303263326331633266663762346230633333383965376165353366643363613866323261376631
31323738346435373961353139386535303066316535623562366136313338353164393834663661
33633533656432376532396232376137616238626165313937376631343731646238386665663138
30356232323539346663343537646134336333313139613662363465636338363032623038303962
31313662333262623766303839623265636238326632353635306363383236616233343661393862
37633130333262306536333862356463653237643335393731623363323861366234663331353233
66343936623831626632666339373935346563313932653238336562643131343135663631366632
65393436303731306466313036313536376636666532376461323236313231656365323062356162
37666336306339353765316565663762663934396635316362663063653239646635346665623961
38316263316665396531653362633332393361623031376564316161373732666362616661633961
62613262626632303066393235326566343663646261313361336463656564323830333664613037
34303165333065306237366364643133636462646631363233333663653036316566303064373836
63346430666435336535383961623634333965303565386530383138336263633465383139373436
62323730373832613038303530653436386633313635313965313534396239373962346432613939
39373937393430346361656335663633383933643634316136353431386361336563633464306661
63326532376261336163653839313631323963383230656530346637343165643734643034356563
38303861626163313962346363626130613466626164646433366234356430326562363535656230
64393761306562626666326530313166316535323432373065343639313731353639393830613834
63363133336336323732353531363065303862643138316364616139363263373838383232363561
61643834636233366362653031366330353961643032363038303335643332383536653666636236
65643934613263613366626131343662373735623139323332353034613636363730313662313461
38613435363135663531396561366236376565623537653539363038303034303834303266613831
62343339326130393464393336366231623135663730366666653130633532303336383930353934
63666534633662623231333238306266663661386364386466386462353538336333646263623731
66613135656462623365613735306461326465643862396563336236626163613631316531353436
30663663393964346361323430316130336431363430346532633763643736336362313239383865
34653232353735646366363031386132323937343339343865643732623734646339653338356433
6661306465613537366461643936316137303337303162336661
